# SPDX-License-Identifier: MIT
# SPDX-FileCopyrightText: 2026 Leonardo Lopes Pereira <leonardolopespereira@outlook.com>
#
# 8192 timer intervals in ticks: 90% uniform in 1..=499, 10% uniform
# in 500..=2048 (Python random.Random(20261001): randint(1, 499) when
# random() < 0.9, else randint(500, 2048)); the steady-state
# benchmarks draw them in this order.
185
297
201
422
77
376
70
96
110
290
131
413
916
441
282
135
95
258
374
200
250
425
253
91
91
270
249
491
290
483
447
69
138
127
103
292
106
59
291
42
230
239
1566
136
281
345
186
25
116
29
406
68
425
410
1630
113
265
482
306
416
277
143
448
94
495
355
309
476
417
405
308
948
317
325
394
77
246
1611
238
261
236
279
104
410
1188
373
102
480
446
737
213
73
1179
66
182
82
194
79
82
484
111
306
245
435
82
326
2
1539
382
388
410
425
10
97
139
1110
85
227
50
57
93
209
325
396
301
263
114
1000
605
352
424
278
355
360
387
229
455
155
230
1791
35
161
390
436
386
41
154
1509
311
297
442
70
44
352
174
236
459
495
162
413
201
159
345
483
258
66
186
455
103
458
109
436
304
19
1190
291
131
180
220
409
160
239
82
144
61
441
287
120
454
488
256
140
276
326
126
18
57
225
175
1738
1888
11
421
962
209
451
291
169
224
1686
176
41
329
376
446
363
1691
83
267
27
312
195
248
75
115
295
135
425
1173
223
13
213
48
300
355
314
242
286
319
393
191
1192
304
4
152
350
272
406
419
97
319
1972
431
425
1243
259
136
491
256
75
47
388
164
404
926
419
6
213
44
1237
392
68
338
380
266
474
362
340
143
216
317
276
488
111
67
17
177
307
12
2
423
142
1574
479
442
391
172
323
218
34
38
253
185
446
361
474
473
114
217
232
320
305
113
57
496
268
43
352
150
292
490
152
55
231
281
239
267
1208
53
276
81
318
325
206
481
1987
386
236
377
85
482
48
390
146
494
55
170
125
280
36
285
418
95
172
412
59
242
1972
401
291
231
2
183
474
343
468
256
412
16
669
125
474
57
56
214
494
497
180
1359
367
296
76
11
91
473
369
102
242
1561
740
473
452
325
188
270
397
213
29
252
344
13
335
319
356
231
3
149
315
78
181
253
492
730
231
31
1444
1680
192
80
408
363
139
124
70
1348
391
144
273
275
283
333
116
158
131
108
266
1769
184
267
464
219
461
356
27
244
203
150
447
74
9
34
82
410
275
906
427
108
421
1782
60
267
169
1671
797
451
102
51
134
372
362
216
490
1374
38
160
311
124
448
145
357
295
388
267
419
358
74
300
101
213
242
487
431
322
121
3
469
233
461
281
403
305
130
298
209
183
396
439
250
104
120
218
410
168
204
497
962
472
78
411
185
123
1399
271
261
1403
1810
131
237
254
4
127
23
320
430
453
432
1902
344
452
157
292
1550
494
186
350
1391
46
112
449
372
138
718
461
377
1993
433
447
468
168
1708
438
485
168
491
352
105
368
183
84
439
227
71
287
552
235
486
219
418
215
127
381
314
319
297
450
939
117
301
7
75
407
52
29
16
481
344
77
2
384
11
372
1177
21
23
485
222
62
80
169
427
203
342
491
322
456
1193
327
106
483
479
45
267
5
486
104
352
377
267
121
358
147
132
126
413
233
83
466
1671
114
266
192
468
93
33
1792
378
434
366
2
302
393
435
104
199
98
150
420
187
159
273
80
191
32
1933
396
1071
9
883
244
774
27
172
318
176
215
115
191
291
363
36
380
404
166
115
490
318
82
204
480
349
34
301
53
375
75
370
476
320
486
469
64
249
34
138
249
498
28
18
206
354
267
1099
325
188
435
30
48
398
232
244
215
380
65
176
482
41
373
13
169
440
409
169
449
381
120
314
166
428
337
769
73
110
62
1676
409
200
182
188
286
225
350
2044
424
156
490
1989
1914
81
421
50
126
418
458
188
432
6
481
414
273
259
58
405
343
197
1021
362
2033
234
1883
487
433
289
1236
1539
88
20
438
67
211
120
129
431
425
57
401
384
150
267
1712
278
35
304
223
1521
1630
451
353
203
335
349
1308
790
375
386
1041
289
248
195
332
315
1754
191
349
90
144
170
295
204
436
316
303
485
107
433
184
47
210
118
73
471
396
1169
367
149
375
65
401
420
62
205
1454
135
347
346
69
1806
145
19
75
249
355
2
35
229
276
39
1020
14
64
44
137
51
220
59
129
276
285
165
198
238
450
98
104
19
303
299
266
1314
451
167
182
362
734
125
1958
48
40
156
449
79
974
1808
81
397
702
481
48
83
371
89
1136
465
1877
286
308
464
290
463
522
311
360
205
351
231
372
172
469
243
380
241
240
1593
55
446
95
452
233
491
1227
482
444
266
390
341
385
99
41
123
97
69
308
95
372
399
378
113
235
430
77
71
357
23
406
231
590
116
146
278
404
44
309
305
322
415
88
198
396
96
472
86
269
335
237
65
150
72
404
1204
399
149
26
498
193
37
161
1080
267
167
137
34
417
436
400
156
117
192
97
225
376
414
334
371
4
11
217
180
297
114
14
825
397
389
91
168
841
254
169
159
323
90
358
133
422
321
307
304
274
302
1
1204
153
495
139
114
1276
68
55
870
49
15
183
62
270
49
373
319
103
281
100
458
213
477
326
263
302
346
272
95
24
210
65
72
389
395
12
434
1856
244
385
3
881
193
163
190
145
498
650
153
196
137
65
101
1245
1495
407
27
120
233
315
256
1612
114
81
98
253
419
360
402
239
243
497
154
458
1105
80
1385
361
47
169
85
299
172
29
46
432
426
458
431
367
107
215
282
86
167
823
143
361
166
455
384
317
6
92
36
366
378
209
461
63
30
244
167
215
205
413
444
1382
17
372
389
13
1138
989
488
178
364
425
498
495
369
295
374
136
491
386
210
220
390
264
330
110
341
499
397
263
486
111
897
101
337
130
86
329
374
383
348
365
3
389
236
349
1919
183
287
481
119
187
576
47
299
456
479
237
241
1185
313
1683
276
29
159
19
199
56
143
289
258
32
26
1983
433
231
324
159
115
9
102
299
71
45
359
1747
383
231
550
205
53
267
422
439
20
314
197
278
107
1778
227
104
232
360
362
420
1462
25
112
253
173
448
196
241
155
427
20
20
166
177
463
965
327
67
124
1245
1339
139
291
453
235
28
81
484
1226
470
395
159
488
338
217
12
409
835
84
353
191
1363
455
66
445
480
376
140
367
194
122
984
497
231
364
203
184
485
437
80
420
160
34
478
374
477
308
94
484
344
406
320
206
281
445
207
96
243
1723
484
461
1666
52
257
258
427
653
22
1408
1128
38
256
284
220
314
287
104
760
1620
287
274
29
430
38
89
466
182
434
150
39
322
58
363
77
190
405
138
220
467
323
150
78
452
11
313
354
47
46
220
48
64
164
197
485
181
446
114
509
318
488
350
17
1100
452
362
104
799
1387
370
1067
25
225
25
153
49
354
1068
292
329
107
241
382
117
350
266
1413
37
168
39
367
398
294
335
299
2
119
195
204
491
222
495
447
346
138
272
69
84
173
32
247
121
383
55
257
1345
419
11
295
262
68
922
1199
436
467
348
336
111
108
35
141
439
249
452
26
822
229
453
135
1211
62
314
312
153
154
550
170
422
351
1634
492
187
290
453
565
477
427
392
306
91
855
177
54
475
204
209
2040
277
434
219
32
313
299
200
132
807
52
385
457
418
467
133
197
165
359
211
102
149
118
85
77
348
69
695
451
318
330
122
428
376
296
83
334
76
235
380
52
235
217
317
492
189
420
164
451
359
47
217
163
1924
109
14
257
177
302
396
82
173
305
405
418
225
422
147
64
197
224
146
1019
163
152
345
361
221
209
12
128
46
155
152
78
218
74
166
455
460
64
496
473
178
43
528
1936
130
492
819
231
44
384
41
1678
441
358
97
283
105
145
370
1342
498
97
422
472
450
170
74
456
373
324
381
69
344
277
318
130
493
981
324
375
175
20
333
342
492
4
217
169
124
290
289
306
684
436
1255
968
264
176
116
403
282
64
1107
81
339
416
267
352
429
188
522
198
40
398
1600
132
92
416
357
22
21
84
36
353
413
488
128
333
1556
356
133
423
466
197
162
351
366
599
192
474
227
13
380
142
113
348
151
752
425
377
1110
1013
66
187
206
92
48
69
112
360
472
376
456
225
465
401
52
42
40
496
72
188
36
335
1228
369
333
17
1820
98
245
154
98
65
11
351
152
335
391
390
91
912
492
224
427
156
195
475
64
446
389
16
435
27
328
183
48
1029
245
55
1610
458
395
102
337
57
245
196
1545
276
41
379
205
264
253
296
353
342
409
458
450
33
429
249
457
401
173
177
180
139
446
150
507
102
499
184
428
191
487
114
433
473
79
465
54
328
213
1476
1428
72
431
216
93
240
71
120
306
73
1442
97
50
1711
6
381
385
493
397
555
411
1072
1200
332
110
432
304
11
241
43
177
368
459
258
1807
360
240
533
210
291
455
416
473
381
895
434
199
273
101
371
237
383
373
300
217
82
166
418
248
125
121
301
282
26
109
12
152
415
550
208
442
1437
360
137
604
25
1271
426
383
55
258
390
455
423
190
59
548
295
154
137
103
220
188
191
489
95
41
218
149
367
20
163
1368
269
388
183
362
35
224
464
284
244
445
447
869
346
299
1355
149
382
89
406
317
97
418
35
183
79
145
434
325
40
329
279
226
380
112
427
178
230
466
467
56
323
53
279
350
459
172
97
224
289
89
1680
22
222
446
417
348
187
246
489
2
128
150
309
260
360
1704
245
10
314
196
1380
314
57
458
468
4
63
61
479
477
294
127
328
384
315
189
384
864
105
401
207
119
444
90
694
214
305
359
92
133
5
82
20
447
215
336
388
39
465
109
432
15
481
2018
491
164
7
124
293
300
136
88
29
355
134
1593
437
328
137
456
466
1826
485
141
96
391
314
263
146
1025
631
51
189
494
232
102
1360
100
249
947
7
89
477
119
35
1763
146
152
264
336
107
283
306
207
208
11
300
307
498
347
1929
147
156
142
51
333
122
155
338
320
1
305
174
428
386
248
1578
353
1019
63
290
466
208
1931
139
746
72
432
170
100
271
58
120
112
243
1662
758
1216
1810
167
1169
392
186
221
44
15
205
1769
427
478
199
196
210
381
45
1420
376
453
488
34
631
1160
282
144
258
95
1948
102
764
317
180
316
435
161
171
369
96
43
117
84
415
1231
490
455
123
393
417
13
297
1727
24
429
150
169
3
388
1699
417
464
90
349
15
152
98
5
285
318
302
1751
51
132
440
73
137
114
1005
117
258
325
475
13
77
209
1171
1312
160
1358
2
444
14
519
481
1174
330
349
330
13
406
106
157
359
237
259
489
124
63
1987
430
290
28
309
367
298
479
120
66
48
182
267
396
104
175
489
228
278
125
79
52
423
95
96
333
188
292
1955
231
354
123
149
14
7
6
761
34
369
350
321
152
223
74
304
271
101
102
27
230
154
73
360
183
172
221
199
191
1217
36
270
1390
101
143
94
171
94
165
381
63
133
49
491
408
38
350
157
308
21
421
298
244
302
344
259
480
425
410
322
108
100
362
187
231
468
401
59
177
243
32
143
159
1311
265
405
432
472
121
402
105
451
28
475
223
84
320
250
260
85
788
237
1
103
497
489
228
178
2000
145
116
15
432
261
77
42
101
1176
196
165
1198
183
460
440
483
129
1655
74
393
840
138
436
251
256
195
87
1126
196
2008
26
66
375
175
115
156
252
486
1
200
312
1580
87
13
175
245
246
447
1943
1632
265
234
188
70
1233
489
384
219
263
217
264
12
192
234
335
1326
35
106
475
301
467
108
442
85
415
401
80
283
467
404
31
419
148
141
689
1240
980
1028
1202
424
152
266
352
266
192
361
1508
1057
76
102
22
139
326
55
440
101
388
781
212
96
28
391
362
1327
111
437
39
25
345
204
271
192
154
372
227
1363
215
202
231
41
1581
197
50
283
1785
216
185
359
15
479
274
345
116
287
361
257
267
162
280
357
131
335
450
77
74
216
197
325
487
195
230
449
155
1522
125
1235
62
65
287
385
477
490
617
247
141
68
206
171
126
354
26
93
136
368
425
236
266
126
445
236
55
63
1675
767
128
301
268
1405
205
352
785
113
328
210
980
199
1163
268
242
341
243
272
194
388
425
425
161
306
179
178
259
1095
170
167
1407
1202
333
292
122
356
262
4
396
134
834
340
317
115
73
366
381
266
285
155
217
61
280
32
22
149
245
422
393
311
489
6
230
424
443
185
163
331
230
137
305
419
1391
353
426
216
699
217
448
44
886
119
144
493
17
128
29
263
479
340
362
370
375
46
98
123
483
320
1385
90
491
1582
929
269
365
1017
348
482
153
184
835
452
312
469
329
490
1961
137
270
1825
474
379
350
52
1775
372
205
498
131
232
1363
208
470
461
257
83
457
358
473
8
287
158
1761
489
1817
384
126
39
415
268
373
208
47
439
82
156
311
130
187
239
352
15
633
305
341
497
101
874
167
111
134
88
206
252
731
361
180
409
2047
489
194
275
306
1260
446
2019
240
578
495
97
40
249
421
2
158
352
100
2003
354
435
14
140
107
4
1753
382
378
1835
154
920
107
335
1903
327
221
384
184
212
416
375
225
112
274
350
422
251
274
241
161
436
438
433
213
496
165
109
153
258
183
487
499
455
287
53
448
282
265
145
160
126
309
83
439
238
138
67
1207
1324
130
219
165
321
88
370
456
249
235
254
420
266
287
426
36
484
129
252
479
44
2028
372
26
239
497
586
345
299
157
152
201
261
9
317
181
223
475
300
472
17
108
292
1103
392
130
280
177
204
383
410
30
122
335
227
231
2031
112
303
254
90
255
172
344
362
88
128
466
317
172
187
310
388
409
339
589
425
167
168
421
346
488
499
1573
219
69
334
1742
230
418
418
317
317
75
1881
1869
455
290
271
470
203
11
444
388
327
126
5
303
397
233
120
34
5
26
160
252
19
2
383
335
229
1296
1896
13
339
384
316
254
478
131
40
201
445
123
331
256
203
264
409
202
63
44
213
45
478
308
164
307
277
76
45
78
451
246
222
253
72
139
2
375
1943
408
442
419
459
157
240
87
766
416
453
214
284
171
416
57
317
81
54
298
298
1083
491
153
433
28
141
227
3
125
86
229
431
483
26
959
488
336
424
313
369
426
185
95
35
283
435
714
441
339
112
137
382
289
139
1304
213
137
143
202
392
151
211
1659
201
200
30
43
319
25
413
456
417
222
491
381
231
275
71
44
1272
192
238
202
119
19
134
494
1967
53
51
256
52
1395
1
204
397
404
272
294
117
386
85
492
307
185
95
31
407
368
431
396
353
488
292
328
346
672
164
446
1539
408
458
10
431
1321
367
253
92
285
130
50
272
168
17
131
374
39
479
317
446
442
316
148
34
508
257
215
324
162
1760
358
24
368
324
397
331
4
326
12
372
245
177
263
419
199
250
48
243
4
477
1310
350
415
64
218
491
172
1
194
93
319
201
52
234
98
414
181
190
415
278
180
19
276
192
410
209
472
323
228
242
110
332
231
168
372
495
113
31
1335
63
556
324
198
93
465
63
1078
284
463
360
358
489
13
28
262
233
244
1517
1873
267
121
293
464
223
247
358
53
486
134
314
260
466
146
448
277
287
809
74
1753
187
69
321
412
415
471
343
306
145
138
191
352
19
97
405
75
131
322
2
236
70
492
169
159
217
368
36
307
63
480
906
142
423
467
2007
189
1870
173
128
183
387
197
20
374
335
365
125
492
444
34
497
839
128
160
883
284
163
255
782
477
332
430
71
459
401
489
430
35
131
44
473
404
103
9
675
46
19
54
1695
364
182
10
421
440
397
1845
46
210
229
372
190
425
267
354
307
2031
579
133
253
397
94
42
205
42
118
209
408
216
1592
1786
214
184
216
448
374
358
24
191
37
1353
413
274
224
219
223
374
402
2
445
127
388
445
357
242
351
192
395
256
1291
357
470
849
68
38
401
177
197
284
40
204
313
379
154
308
129
470
33
389
36
151
233
867
125
424
345
1380
160
486
415
483
441
91
411
317
352
54
208
239
127
242
875
294
391
405
5
439
71
301
100
291
287
388
243
738
149
408
474
125
286
83
42
123
207
8
58
24
357
605
387
429
124
225
248
199
390
450
378
50
30
65
246
482
2037
42
324
257
450
286
407
209
253
382
219
505
246
53
128
389
130
2
183
10
1414
1315
465
403
180
1
355
11
8
425
81
232
314
493
127
368
348
28
50
126
482
228
360
351
485
374
1006
21
61
93
260
279
1967
1676
422
46
210
61
162
268
69
442
419
914
355
218
276
75
173
244
39
320
126
362
32
469
402
499
471
449
6
474
493
827
351
370
113
439
259
343
143
1047
234
532
3
323
391
1
343
354
48
264
232
376
193
201
259
13
113
190
315
484
1278
483
529
22
429
425
566
249
447
145
173
442
252
474
370
358
235
213
420
16
9
5
221
134
487
856
225
364
649
132
382
245
19
354
1582
405
116
317
412
171
354
329
104
469
86
54
414
397
177
338
220
174
159
34
883
420
128
124
102
69
424
43
55
338
27
27
203
234
861
315
190
433
289
53
265
1923
141
280
431
21
465
160
322
370
114
271
90
492
183
17
84
164
1046
1979
1402
109
255
148
160
457
130
362
138
333
62
430
40
201
116
107
149
591
431
603
383
486
63
374
246
387
104
241
400
1850
336
50
371
404
384
7
349
40
13
162
85
212
366
477
131
324
328
418
472
143
448
275
352
429
69
1354
191
335
248
319
75
148
194
373
290
137
467
52
1746
184
492
390
415
355
408
279
134
202
492
30
207
244
250
210
8
145
73
396
418
83
444
165
200
436
146
246
1269
397
396
373
402
387
353
2
443
81
266
2044
284
291
412
249
190
111
391
282
96
371
433
103
305
32
302
200
366
457
196
77
225
436
266
1994
100
159
412
128
193
15
291
106
414
1561
199
17
491
175
1688
101
425
882
405
976
595
206
423
352
348
1079
32
284
415
48
442
469
357
323
386
286
326
330
176
1722
496
493
153
742
81
1330
169
471
314
304
376
393
423
61
46
267
1220
96
241
391
493
749
394
1
673
33
339
446
69
344
341
172
92
1073
92
290
498
206
1823
470
496
478
366
408
441
497
65
320
434
469
272
134
280
341
100
405
449
214
180
241
102
495
99
249
27
59
340
93
342
331
313
231
506
280
167
431
470
473
182
41
92
262
1661
153
255
274
216
760
19
319
1928
896
136
190
320
504
10
255
107
410
95
765
404
1125
107
141
192
61
305
1
216
382
29
350
480
170
233
307
467
445
439
243
2
498
109
174
409
166
13
1685
130
353
293
238
1437
499
473
286
263
564
417
335
106
55
1510
310
196
133
417
454
162
797
329
48
283
358
482
17
79
245
324
601
362
491
413
152
236
104
94
98
395
48
220
288
364
408
315
35
31
124
176
816
115
460
401
494
467
261
319
445
371
110
694
140
85
260
87
238
350
128
6
1726
115
332
724
489
162
219
36
463
85
442
443
485
58
391
343
240
287
324
95
101
485
348
424
334
869
355
45
457
114
457
279
43
489
191
71
1510
75
996
388
404
762
403
232
131
480
486
281
302
319
159
336
1767
272
393
908
450
359
373
158
381
62
220
61
452
85
311
221
221
45
118
288
261
418
428
354
459
36
320
480
256
134
179
827
498
140
483
112
192
72
440
411
486
48
240
1184
460
85
378
232
22
121
378
364
249
1594
1306
55
67
797
470
757
127
28
48
466
165
101
167
49
355
263
80
280
245
254
307
381
135
498
1489
133
396
404
992
289
107
116
419
459
88
145
230
103
57
65
30
388
102
268
342
312
391
297
304
1886
57
343
118
394
318
161
392
167
417
27
382
61
56
163
448
310
378
1947
302
81
480
315
480
84
248
385
242
341
18
246
224
412
15
74
61
179
310
616
496
326
461
92
25
380
217
387
495
427
176
426
182
33
5
153
205
487
171
262
467
478
141
325
98
238
456
242
1620
399
348
216
350
227
377
425
288
81
451
79
1376
777
262
422
205
215
166
94
223
27
347
275
326
494
1958
313
394
310
100
32
258
74
4
177
224
7
174
496
49
398
1
176
392
1748
218
130
470
387
210
392
21
1750
52
121
447
166
307
329
467
147
140
1415
357
1567
350
201
396
490
408
464
483
181
120
294
86
182
428
391
108
255
65
344
487
78
487
48
127
492
437
444
469
200
337
240
264
82
99
474
214
223
273
347
628
94
302
195
344
186
265
396
348
104
115
344
1148
742
391
364
151
379
64
109
444
405
100
128
328
464
939
269
355
190
482
488
35
120
280
372
1697
451
28
483
416
345
950
1421
159
56
438
358
484
405
197
400
11
321
1772
88
49
657
60
491
280
133
380
129
439
242
134
84
153
223
102
473
1
702
335
370
355
210
1619
52
96
96
411
287
33
342
454
94
303
119
281
1061
307
46
325
453
200
364
120
1923
490
277
161
372
45
174
1688
476
316
185
433
11
88
177
205
270
107
166
463
442
187
1323
488
58
293
428
437
177
9
211
274
1994
405
101
120
1083
156
108
138
366
57
244
145
117
325
128
949
224
281
186
335
436
333
324
436
225
238
364
316
1
357
216
411
228
139
45
314
92
131
106
300
472
274
251
454
370
1674
314
473
123
356
432
48
458
366
472
25
380
901
1416
316
332
377
68
343
315
6
205
186
281
283
286
75
1507
364
59
461
433
270
319
331
79
162
1710
284
1286
303
603
209
468
257
152
348
92
360
466
35
116
182
1598
608
270
365
36
407
337
480
122
55
125
59
47
349
491
489
317
381
195
295
443
162
222
71
230
209
471
285
100
113
377
185
468
37
18
482
212
450
211
1858
73
444
259
259
283
479
402
227
274
242
292
237
344
18
339
140
464
346
421
1911
134
346
229
207
21
145
118
99
8
325
448
306
932
70
354
444
369
149
313
1377
1398
498
207
2048
12
39
259
430
158
285
1056
93
276
78
150
311
1304
1041
282
425
172
283
440
464
454
482
82
244
95
327
384
474
422
201
1084
79
296
155
228
390
215
177
176
58
275
107
284
42
342
155
260
298
212
248
149
424
653
447
323
176
64
37
87
1714
316
379
87
454
364
82
818
374
41
1437
309
372
380
223
28
365
1702
312
1119
1578
43
187
284
7
1417
131
338
156
432
249
47
285
238
268
315
1553
1241
267
63
122
322
414
618
338
136
126
305
82
215
255
83
217
218
523
113
219
264
154
214
200
266
340
369
9
57
1953
53
356
174
42
170
124
492
203
122
170
743
392
389
95
354
1821
2
259
270
80
272
1339
366
327
333
376
274
297
1094
480
407
513
23
6
487
234
1165
432
136
75
154
486
28
163
76
247
216
360
362
448
357
409
1745
215
353
54
197
50
307
31
183
21
238
407
428
377
33
64
59
31
118
97
115
224
480
254
460
125
197
69
29
469
250
253
439
453
164
438
346
328
67
412
432
73
228
36
345
192
461
61
749
447
187
277
210
310
546
133
455
599
470
297
15
306
405
245
165
266
467
970
260
140
455
416
1898
80
1175
454
1619
496
142
208
91
113
1316
217
672
243
197
337
97
44
158
204
1
80
125
377
161
227
1243
411
380
295
474
334
141
152
89
224
413
487
236
426
160
157
234
147
228
121
410
410
36
268
101
466
271
155
47
319
101
80
373
827
125
740
348
253
291
163
463
1039
195
167
425
489
493
683
168
116
159
338
1224
69
315
437
467
414
128
488
316
312
650
479
250
961
177
489
355
332
306
237
315
61
355
16
43
969
29
75
208
479
1326
267
49
358
451
1949
191
50
152
19
454
226
351
392
468
165
78
129
311
575
316
434
397
94
317
88
125
70
173
52
107
428
273
442
68
288
336
329
334
312
316
387
424
324
411
483
391
64
119
244
190
397
370
171
143
262
630
315
90
809
11
120
450
286
493
202
492
106
35
232
45
177
152
47
110
278
371
9
750
466
1610
452
29
418
260
208
439
179
483
247
82
165
136
369
411
344
282
1707
2010
260
1293
315
395
494
462
398
335
367
1310
103
58
1400
37
290
762
34
72
419
60
298
383
269
369
1317
686
27
117
478
228
42
323
358
232
389
172
333
474
337
1259
320
272
54
132
179
56
327
265
1291
22
38
405
217
186
530
453
38
403
351
187
82
396
300
177
461
309
481
193
226
177
379
445
205
474
429
4
194
127
411
63
385
203
54
492
87
309
218
398
22
51
105
290
367
467
60
260
496
327
1984
1851
1105
223
20
323
151
271
20
114
3
352
101
214
71
272
1222
274
1572
145
15
359
118
376
349
129
181
148
346
312
499
262
58
396
13
344
492
114
1185
99
394
139
134
424
1775
111
458
887
431
176
459
140
900
420
1904
384
23
215
257
366
83
488
180
231
267
352
62
1617
360
400
265
1448
436
370
349
166
120
1754
462
74
643
1496
1029
982
479
330
464
110
445
500
218
254
255
399
54
373
409
154
467
173
785
399
374
557
420
351
75
393
396
291
289
165
52
158
106
42
286
471
119
195
484
290
456
276
270
216
1030
358
111
2027
19
373
472
322
491
175
137
158
3
288
151
114
353
224
301
30
447
442
308
387
63
350
263
597
17
1795
391
293
317
138
198
10
1158
167
287
466
1372
185
300
20
464
345
209
44
42
575
242
149
279
21
117
488
195
19
222
327
468
277
226
85
359
399
287
1216
5
392
418
170
475
112
245
52
145
10
220
468
429
175
62
297
269
248
50
952
1688
237
170
1965
1145
373
490
464
457
736
1495
276
428
243
463
219
19
974
188
93
361
164
159
1368
107
3
159
439
494
275
138
490
162
171
29
104
149
263
207
1072
83
1419
99
288
183
1973
245
436
65
101
62
2
30
523
196
182
239
225
112
261
312
697
463
380
256
294
2
201
152
271
200
408
104
477
25
431
211
482
403
536
407
116
18
405
89
230
195
25
423
390
89
133
123
915
396
332
316
119
492
452
32
148
209
1200
49
390
101
478
1917
450
37
160
336
376
646
314
54
113
127
36
325
355
310
397
69
252
254
267
185
3
58
276
587
439
98
938
115
443
440
805
467
20
868
203
957
151
451
88
64
1772
401
336
421
147
61
341
330
665
458
370
124
72
254
606
316
34
954
285
297
264
429
322
328
122
843
143
24
11
193
50
234
87
722
30
345
196
185
432
23
177
257
460
62
329
220
257
347
433
231
254
844
66
28
2030
219
424
297
325
222
43
242
128
172
360
178
343
79
129
394
231
238
186
401
127
214
234
156
395
227
1613
1500
345
215
261
54
236
417
86
1418
373
111
1172
205
157
439
313
298
294
1174
325
133
55
136
193
108
441
468
58
394
254
31
116
176
106
463
207
38
363
396
464
286
39
68
767
239
405
20
475
212
477
1442
460
97
141
434
215
324
193
477
34
231
225
213
126
480
267
217
266
141
181
386
370
25
454
55
233
1274
202
1246
346
163
480
494
93
312
262
999
459
437
451
322
270
226
9
329
20
495
286
172
163
192
49
249
451
293
1736
118
163
285
301
423
395
325
338
222
495
403
213
67
273
1034
154
411
378
162
383
178
317
329
410
198
63
42
54
390
462
388
139
98
139
1305
187
1682
454
116
242
16
83
65
385
22
43
83
312
1832
192
236
450
254
427
495
237
12
429
197
475
451
195
18
266
342
445
824
415
179
1159
176
323
34
390
1805
30
137
451
382
20
310
160
415
619
96
470
1525
5
421
385
224
19
19
352
49
1233
402
433
398
302
114
483
54
392
789
151
389
20
110
166
498
1517
320
411
134
58
364
187
113
843
295
190
3
449
216
128
240
197
464
84
1526
245
268
108
155
297
179
94
338
64
449
1834
449
449
463
307
57
479
314
168
1052
113
238
206
479
250
152
75
359
317
136
385
491
485
89
343
7
461
329
376
65
298
321
1086
178
347
402
397
70
103
47
386
290
86
311
445
1372
222
397
186
329
1198
262
169
201
42
134
112
871
57
264
394
214
938
369
383
154
77
22
297
375
308
180
28
335
39
185
194
39
106
460
482
26
392
429
23
423
446
486
1163
188
361
171
419
330
2
102
533
360
306
462
42
1100
233
372
1078
140
49
400
227
91
287
75
72
189
293
11
150
259
418
355
1937
447
473
147
462
216
598
1383
444
364
101
104
337
348
116
308
366
373
195
78
1843
478
476
496
108
416
401
132
432
451
326
377
161
346
206
441
180
445
98
464
233
14
297
458
237
109
186
219
301
430
489
89
384
338
384
322
172
379
192
176
1390
101
479
46
443
426
172
204
64
133
888
390
399
320
140
439
1087
475
493
420
7
193
376
61
465
408
61
399
485
477
391
80
390
39
108
213
238
1075
158
125
54
1514
339
239
148
1060
80
263
580
335
215
203
457
70
85
306
372
160
77
466
296
34
1939
185
52
1796
54
401
232
99
482
1869
290
264
166
66
235
184
467
1130
477
125
337
191
49
1833
394
297
167
483
425
335
47
265
2
353
388
260
463
57
1550
205
70
450
14
118
91
238
261
61
64
16
261
432
413
457
241
479
354
404
362
935
53
213
30
398
335
207
277
64
238
311
203
260
398
392
385
413
390
472
273
306
269
52
126
168
158
74
431
269
73
85
20
365
145
465
431
1553
260
473
282
167
243
418
430
481
423
23
204
187
139
92
308
486
111
357
47
227
324
146
444
1363
453
364
186
221
352
1122
421
150
1616
33
173
188
392
329
63
485
278
313
205
294
328
426
70
485
266
317
345
225
9
373
1595
138
298
246
278
476
1779
146
170
317
322
6
359
215
433
107
202
63
14
296
95
319
184
110
216
353
230
129
1703
467
383
233
173
18
244
169
211
115
78
394
1203
1973
1463
326
418
181
310
142
49
74
442
293
31
697
578
174
414
87
346
161
58
359
1279
363
162
80
176
147
324
455
221
434
49
144
438
1130
234
57
441
28
173
331
305
155
201
437
174
133
212
389
417
474
442
254
327
247
344
400
82
284
52
108
112
445
310
69
152
179
386
286
401
483
458
1218
434
1121
195
137
417
22
360
257
240
358
121
465
288
223
236
455
132
156
202
430
209
146
497
380
1998
47
1823
446
136
112
76
495
264
246
331
151
459
104
316
321
316
352
164
252
193
915
124
417
295
195
295
466
385
487
400
274
196
455
329
415
198
193
73
1235
152
459
55
240
377
303
305
345
166
128
473
145
491
43
149
386
25
78
307
405
488
338
80
454
394
472
233
490
59
16
158
49
493
386
1082
632
402
337
458
259
65
192
1635
36
409
297
434
240
430
148
1706
426
981
267
124
349
223
166
255
294
64
49
230
288
151
486
421
352
432
441
494
1529
194
905
342
341
76
630
132
1440
83
91
109
499
21
339
208
428
354
134
461
292
34
35
477
409
96
329
202
437
403
348
204
450
408
123
27
966
718
87
117
418
70
508
221
233
862
23
390
395
413
229
436
479
167
294
333
260
414
171
53
1429
10
472
163
183
167
107
1476
468
1773
263
170
397
248
407
65
121
239
397
495
355
27
269
204
273
280
323
169
370
95
474
76
90
181
489
751
497
167
306
383
150
494
267
469
214
1278
370
392
6
4
188
54
460
168
450
61
41
1779
280
488
347
375
28
386
261
428
419
177
281
79
484
57
162
200
301
162
436
117
101
607
309
235
114
482
919
281
93
332
88
282
102
386
71
151
928
166
218
231
1520
1852
338
250
90
52
468
1759
28
1037
112
583
227
442
8
105
15
129
1398
438
87
166
147
441
113
254
97
13
134
118
413
330
9
442
221
410
426
197
540
135
198
205
399
456
173
498
218
350
8
247
365
393
221
85
272
452
427
499
822
143
175
58
1515
424
31
285
1375
321
99
454
458
168
67
449
468
148
310
181
75
162
317
342
222
239
469
98
1597
241
92
24
497
1629
117
94
995
206
126
494
268
331
94
78
339
443
85
244
87
17
256
426
409
321
455
215
414
82
439
461
468
14
450
422
193
10
861
1258
90
121
320
85
169
117
232
117
243
190
57
250
1825
352
34
104
344
259
393
207
264
468
67
112
63
1899
352
345
156
235
145
60
359
270
1742
138
213
180
59
2006
88
1101
302
333
255
207
410
127
244
358
241
437
27
347
967
2047
374
64
157
395
407
140
376
498
270
464
477
305
6
239
426
126
120
348
40
232
410
294
240
21
164
227
73
852
495
187
260
863
97
447
1157
229
112
436
381
242
72
138
423
340
169
1823
255
212
1336
133
311
1500
157
291
1
93
377
87
202
81
147
81
92
130
751
144
87
257
285
115
119
444
213
288
27
388
326
663
360
166
247
28
245
156
365
415
329
308
427
321
70
1935
395
177
465
244
179
1387
1971
207
209
333
188
36
1186
115
245
352
1257
162
317
428
228
232
33
133
217
140
20
466
397
147
236
1951
486
180
461
430
421
414
1133
456
33
400
401
352
341
474
403
403
141
219
291
165
8
236
245
1983
167
399
103
487
222
376
229
292
319
19
118
1933
409
272
397
84
262
126
261
38
334
53
88
30
298
361
192
174
452
169
7
495
257
54
172
388
301
494
301
277
1100
122
391
69
489
1912
264
351
191
374
436
215
236
438
209
52
86
81
267
167
422
407
210
104
42
330
317
865
45
91
64
326
458
444
25
1374
388
630
1372
355
112
73
422
206
340
13
874
290
431
390
817
71
279
371
371
321
419
222
88
343
250
354
486
482
90
260
216
383
332
490
9
173
1012
396
18
31
398
25
20
236
51
107
893
143
447
27
179
1998
180
793
1548
330
470
345
25
185
352
387
171
223
73
364
228
103
406
283
169
1347
247
291
181
21
250
468
311
25
402
458
483
318
13
16
930
187
14
217
35
365
239
213
224
441
159
83
1964
463
315
20
130
498
232
400
13
324
406
381
463
157
415
459
312
15
246
90
144
314
366
468
1549
60
368
290
1820
195
350
414
748
204
195
117
130
397
474
84
106
1265
335
286
144
691
17
250
24
917
477
232
197
102
23
470
244
7
172
392
395
253
44
260
371
134
207
281
134
64
296
490
177
116
305
273
512
489
449
341
625
92
278
423
70
1
106
397
423
47
209
133
46
221
299
370
1867
382
573
113
87
136
387
432
473
61
67
345
313
155
327
465
246
155
169
260
354
425
547
26
181
390
26
344
287
283
347
413
63
177
106
339
386
1184
446
327
1359
23
488
324
224
230
133
204
384
262
305
834
445
147
493
275
145
13
415
75
36
1662
321
476
96
412
188
82
39
498
255
230
434
368
818
439
193
48
27
497
1632
459
45
374
123
429
295
1531
210
439
428
385
69
265
256
202
351
56
296
377
216
218
52
236
413
471
449
214
645
793
468
413
309
165
225
318
377
498
395
308
496
454
275
455
454
394
240
296
300
394
102
96
21
425
54
47
1235
220
231
405
410
196
193
268
274
496
718
462
75
453
995
381
156
377
376
48
102
175
22
136
245
490
398
388
307
171
479
184
253
219
56
211
8
412
469
218
144
105
1838
41
26
418
186
198
392
275
451
478
187
205
402
94
241
298
353
337
3
89
107
291
377
246
24
108
1985
289
374
399
288
76
421
417
411
137
398
257
307
51
431
258
454
1519
333
454
103
8
101
156
147
485
241
352
153
280
491
229
432
140
160
346
209
316
406
357
138
36
329
127
770
14
76
159
371
308
254
1630
16
10
802
218
127
192
272
67
1648
387
192
79
54
23
345
389
101
666
282
59
181
476
409
499
299
452
335
337
1
233
480
76
178
712
344
370
205
110
376
289
212
133
310
336
1272
444
231
441
318
271
256
377
50
480
347
395
259
389
93
354
205
34
311
337
1365
433
498
424
1817
100
391
347
1099
423
127
307
799
484
914
50
443
196
136
290
1455
298
13
412
226
451
185
497
3
485
329
346
306
145
1474
273
359
243
124
126
288
184
237
183
7
497
145
471
185
157
4
346
163
300
340
335
447
84
31
773
283
439
328
186
247
481
292
491
405
286
457
279
442
450
222
409
468
425
428
265
105
111
214
390
74
470
40
356
8
293
1071
313
119
293
447
1848
219
1040
277
299
76
55
1609
1666
441
349
148
442
249
334
214
476
115
338
464
403
172
450
304
133
221
58
441
239
1359
219
230
268
402
426
289
77
135
464
70
1182
283
147
236
239
94
23
237
1365
1973
1299
164
203
72
111
86
91
378
228
357
400
330
95
245
455
320
47
51
80
370
356
299
198
150
309
370
369
182
382
98
91
220
54
497
311
1125
475
367
623
339
69
280
352
63
235
459
158
605
161
426
32
1417
396
464
52
23
73
285
186
114
27
108
194
328
8
330
158
193
191
311
69
484
634
394
314
339
154
495
80
274
349
175
197
432
418
80
255
396
228
427
374
135
437
229
3
160
2042
473
436
310
48
327
1011
179
429
140
217
1
1
129
51
194
223
35
355
236
431
468
118
123
1340
435
94
391
738
51
186
402
269
488
17
2028
259
474
4
307
225
412
397
466
382
448
54
1553
198
90
112
1730
61
435
64
955
326
447
486
257
2031
452
134
25
453
137
189
603
217
264
185
51
290
308
64
377
521
107
110
1361
392
259
58
470
405
426
1953
477
126
423
193
362
143
471
473
245
1735
212
9
341
493
41
195
388
724
101
199
401
4
393
124
70
22
66
142
241
450
367
68
145
173
21
445
271
264
14
130
282
4
246
278
27
306
951
100
278
135
1728
24
227
343
465
394
241
462
174
370
103
247
2
231
59
172
163
225
422
897
40
74
204
147
326
183
382
289
109
364
329
442
427
474
478
183
182
472
137
483
499
648
303
445
1507
305
34
360
134
361
134
330
128
452
399
200
66
444
48
245
205
53
231
2
411
248
249
280
1671
298
429
13
157
797
131
1011
255
403
267
2
407
174
460
431
204
427
1938
399
20
433
458
68
1697
171
99
304
471
421
493
252
179
385
332
162
286
174
441
311
222
487
491
326
196
106
100
336
300
422
1195
17
356
457
300
179
31
270
477
1767
163
376
241
1606
696
432
327
107
489
256
388
223
277
128
285
329
55
142
212
459
263
47
5
94
243
41
346
160
391
46
285
371
99
352
1246
853
58
1206
396
211
463
220
212
17
321
55
283
143
61
497
150
282
18
267
38
151
